
power = 1744.90481337435
throughput = 3445.42
composite = 2451.92372273206
